Temps (in STEPS) :  	Potentiel N1 :	Potentiel N2 :
	0		0		0
	1		0.100748		0
	2		0.200993		0
	3		0.300739		0
	4		0.399987		0
	5		0.49874		0
	6		0.597		0
	7		0.694771		0
	8		0.792053		0
	9		0.888851		0
	10		0.985166		0
	11		1.081		0
	12		1.17636		0
	13		1.27124		0
	14		1.36564		0
	15		1.45958		0
	16		1.55305		0
	17		1.64605		0
	18		1.73859		0
	19		1.83067		0
	20		1.92228		0
	21		2.01344		0
	22		2.10415		0
	23		2.1944		0
	24		2.28421		0
	25		2.37356		0
	26		2.46247		0
	27		2.55094		0
	28		2.63896		0
	29		2.72655		0
	30		2.8137		0
	31		2.90041		0
	32		2.9867		0
	33		3.07255		0
	34		3.15797		0
	35		3.24297		0
	36		3.32754		0
	37		3.41169		0
	38		3.49543		0
	39		3.57874		0
	40		3.66164		0
	41		3.74412		0
	42		3.8262		0
	43		3.90786		0
	44		3.98912		0
	45		4.06997		0
	46		4.15042		0
	47		4.23047		0
	48		4.31012		0
	49		4.38937		0
	50		4.46822		0
	51		4.54669		0
	52		4.62476		0
	53		4.70244		0
	54		4.77973		0
	55		4.85664		0
	56		4.93317		0
	57		5.00931		0
	58		5.08508		0
	59		5.16046		0
	60		5.23547		0
	61		5.31011		0
	62		5.38437		0
	63		5.45826		0
	64		5.53179		0
	65		5.60495		0
	66		5.67774		0
	67		5.75017		0
	68		5.82224		0
	69		5.89395		0
	70		5.9653		0
	71		6.0363		0
	72		6.10694		0
	73		6.17723		0
	74		6.24717		0
	75		6.31676		0
	76		6.386		0
	77		6.4549		0
	78		6.52345		0
	79		6.59166		0
	80		6.65954		0
	81		6.72707		0
	82		6.79426		0
	83		6.86113		0
	84		6.92765		0
	85		6.99385		0
	86		7.05972		0
	87		7.12525		0
	88		7.19046		0
	89		7.25535		0
	90		7.31991		0
	91		7.38415		0
	92		7.44807		0
	93		7.51167		0
	94		7.57495		0
	95		7.63792		0
	96		7.70058		0
	97		7.76292		0
	98		7.82495		0
	99		7.88667		0
	100		7.94808		0
	101		8.00919		0
	102		8.06999		0
	103		8.13049		0
	104		8.19068		0
	105		8.25058		0
	106		8.31018		0
	107		8.36948		0
	108		8.42849		0
	109		8.4872		0
	110		8.54561		0
	111		8.60374		0
	112		8.66158		0
	113		8.71913		0
	114		8.77639		0
	115		8.83336		0
	116		8.89005		0
	117		8.94646		0
	118		9.00259		0
	119		9.05844		0
	120		9.114		0
	121		9.1693		0
	122		9.22431		0
	123		9.27905		0
	124		9.33352		0
	125		9.38772		0
	126		9.44165		0
	127		9.4953		0
	128		9.54869		0
	129		9.60182		0
	130		9.65468		0
	131		9.70727		0
	132		9.7596		0
	133		9.81167		0
	134		9.86349		0
	135		9.91504		0
	136		9.96634		0
	137		10.0174		0
	138		10.0682		0
	139		10.1187		0
	140		10.169		0
	141		10.219		0
	142		10.2688		0
	143		10.3183		0
	144		10.3676		0
	145		10.4166		0
	146		10.4654		0
	147		10.514		0
	148		10.5623		0
	149		10.6104		0
	150		10.6582		0
	151		10.7058		0
	152		10.7531		0
	153		10.8003		0
	154		10.8471		0
	155		10.8938		0
	156		10.9402		0
	157		10.9864		0
	158		11.0323		0
	159		11.0781		0
	160		11.1236		0
	161		11.1688		0
	162		11.2139		0
	163		11.2587		0
	164		11.3033		0
	165		11.3477		0
	166		11.3918		0
	167		11.4357		0
	168		11.4794		0
	169		11.5229		0
	170		11.5662		0
	171		11.6093		0
	172		11.6521		0
	173		11.6948		0
	174		11.7372		0
	175		11.7794		0
	176		11.8214		0
	177		11.8632		0
	178		11.9048		0
	179		11.9461		0
	180		11.9873		0
	181		12.0283		0
	182		12.069		0
	183		12.1096		0
	184		12.1499		0
	185		12.1901		0
	186		12.23		0
	187		12.2698		0
	188		12.3093		0
	189		12.3487		0
	190		12.3878		0
	191		12.4268		0
	192		12.4656		0
	193		12.5041		0
	194		12.5425		0
	195		12.5807		0
	196		12.6187		0
	197		12.6565		0
	198		12.6942		0
	199		12.7316		0
	200		12.7688		0
	201		12.8059		0
	202		12.8428		0
	203		12.8795		0
	204		12.916		0
	205		12.9523		0
	206		12.9885		0
	207		13.0244		0
	208		13.0602		0
	209		13.0958		0
	210		13.1313		0
	211		13.1665		0
	212		13.2016		0
	213		13.2365		0
	214		13.2712		0
	215		13.3058		0
	216		13.3402		0
	217		13.3744		0
	218		13.4084		0
	219		13.4423		0
	220		13.476		0
	221		13.5095		0
	222		13.5429		0
	223		13.5761		0
	224		13.6091		0
	225		13.642		0
	226		13.6747		0
	227		13.7073		0
	228		13.7397		0
	229		13.7719		0
	230		13.8039		0
	231		13.8358		0
	232		13.8676		0
	233		13.8992		0
	234		13.9306		0
	235		13.9619		0
	236		13.993		0
	237		14.0239		0
	238		14.0547		0
	239		14.0854		0
	240		14.1159		0
	241		14.1462		0
	242		14.1764		0
	243		14.2065		0
	244		14.2364		0
	245		14.2661		0
	246		14.2957		0
	247		14.3251		0
	248		14.3544		0
	249		14.3836		0
	250		14.4126		0
	251		14.4415		0
	252		14.4702		0
	253		14.4988		0
	254		14.5272		0
	255		14.5555		0
	256		14.5836		0
	257		14.6117		0
	258		14.6395		0
	259		14.6673		0
	260		14.6949		0
	261		14.7223		0
	262		14.7496		0
	263		14.7768		0
	264		14.8039		0
	265		14.8308		0
	266		14.8576		0
	267		14.8842		0
	268		14.9107		0
	269		14.9371		0
	270		14.9633		0
	271		14.9895		0
	272		15.0155		0
	273		15.0413		0
	274		15.067		0
	275		15.0926		0
	276		15.1181		0
	277		15.1435		0
	278		15.1687		0
	279		15.1938		0
	280		15.2187		0
	281		15.2436		0
	282		15.2683		0
	283		15.2929		0
	284		15.3174		0
	285		15.3417		0
	286		15.366		0
	287		15.3901		0
	288		15.4141		0
	289		15.4379		0
	290		15.4617		0
	291		15.4853		0
	292		15.5088		0
	293		15.5322		0
	294		15.5555		0
	295		15.5787		0
	296		15.6017		0
	297		15.6247		0
	298		15.6475		0
	299		15.6702		0
	300		15.6928		0
	301		15.7153		0
	302		15.7376		0
	303		15.7599		0
	304		15.782		0
	305		15.8041		0
	306		15.826		0
	307		15.8478		0
	308		15.8695		0
	309		15.8911		0
	310		15.9126		0
	311		15.934		0
	312		15.9553		0
	313		15.9764		0
	314		15.9975		0
	315		16.0184		0
	316		16.0393		0
	317		16.0601		0
	318		16.0807		0
	319		16.1012		0
	320		16.1217		0
	321		16.142		0
	322		16.1623		0
	323		16.1824		0
	324		16.2024		0
	325		16.2224		0
	326		16.2422		0
	327		16.262		0
	328		16.2816		0
	329		16.3011		0
	330		16.3206		0
	331		16.3399		0
	332		16.3592		0
	333		16.3783		0
	334		16.3974		0
	335		16.4164		0
	336		16.4352		0
	337		16.454		0
	338		16.4727		0
	339		16.4913		0
	340		16.5098		0
	341		16.5282		0
	342		16.5465		0
	343		16.5647		0
	344		16.5829		0
	345		16.6009		0
	346		16.6189		0
	347		16.6367		0
	348		16.6545		0
	349		16.6722		0
	350		16.6898		0
	351		16.7073		0
	352		16.7247		0
	353		16.742		0
	354		16.7593		0
	355		16.7764		0
	356		16.7935		0
	357		16.8105		0
	358		16.8274		0
	359		16.8442		0
	360		16.861		0
	361		16.8776		0
	362		16.8942		0
	363		16.9107		0
	364		16.9271		0
	365		16.9434		0
	366		16.9596		0
	367		16.9758		0
	368		16.9919		0
	369		17.0079		0
	370		17.0238		0
	371		17.0397		0
	372		17.0554		0
	373		17.0711		0
	374		17.0867		0
	375		17.1022		0
	376		17.1177		0
	377		17.1331		0
	378		17.1483		0
	379		17.1636		0
	380		17.1787		0
	381		17.1938		0
	382		17.2088		0
	383		17.2237		0
	384		17.2385		0
	385		17.2533		0
	386		17.268		0
	387		17.2826		0
	388		17.2972		0
	389		17.3117		0
	390		17.3261		0
	391		17.3404		0
	392		17.3547		0
	393		17.3689		0
	394		17.383		0
	395		17.397		0
	396		17.411		0
	397		17.4249		0
	398		17.4388		0
	399		17.4525		0
	400		17.4662		0
	401		17.4799		0
	402		17.4934		0
	403		17.5069		0
	404		17.5204		0
	405		17.5337		0
	406		17.547		0
	407		17.5603		0
	408		17.5734		0
	409		17.5865		0
	410		17.5996		0
	411		17.6125		0
	412		17.6254		0
	413		17.6383		0
	414		17.651		0
	415		17.6638		0
	416		17.6764		0
	417		17.689		0
	418		17.7015		0
	419		17.714		0
	420		17.7264		0
	421		17.7387		0
	422		17.751		0
	423		17.7632		0
	424		17.7754		0
	425		17.7875		0
	426		17.7995		0
	427		17.8115		0
	428		17.8234		0
	429		17.8352		0
	430		17.847		0
	431		17.8588		0
	432		17.8704		0
	433		17.8821		0
	434		17.8936		0
	435		17.9051		0
	436		17.9166		0
	437		17.9279		0
	438		17.9393		0
	439		17.9506		0
	440		17.9618		0
	441		17.9729		0
	442		17.984		0
	443		17.9951		0
	444		18.0061		0
	445		18.017		0
	446		18.0279		0
	447		18.0388		0
	448		18.0495		0
	449		18.0603		0
	450		18.0709		0
	451		18.0816		0
	452		18.0921		0
	453		18.1026		0
	454		18.1131		0
	455		18.1235		0
	456		18.1339		0
	457		18.1442		0
	458		18.1544		0
	459		18.1646		0
	460		18.1748		0
	461		18.1849		0
	462		18.1949		0
	463		18.2049		0
	464		18.2149		0
	465		18.2248		0
	466		18.2346		0
	467		18.2444		0
	468		18.2542		0
	469		18.2639		0
	470		18.2735		0
	471		18.2832		0
	472		18.2927		0
	473		18.3022		0
	474		18.3117		0
	475		18.3211		0
	476		18.3305		0
	477		18.3398		0
	478		18.3491		0
	479		18.3583		0
	480		18.3675		0
	481		18.3766		0
	482		18.3857		0
	483		18.3948		0
	484		18.4038		0
	485		18.4127		0
	486		18.4217		0
	487		18.4305		0
	488		18.4394		0
	489		18.4481		0
	490		18.4569		0
	491		18.4656		0
	492		18.4742		0
	493		18.4828		0
	494		18.4914		0
	495		18.4999		0
	496		18.5084		0
	497		18.5168		0
	498		18.5252		0
	499		18.5336		0
	500		18.5419		0
	501		18.5502		0
	502		18.5584		0
	503		18.5666		0
	504		18.5747		0
	505		18.5828		0
	506		18.5909		0
	507		18.5989		0
	508		18.6069		0
	509		18.6148		0
	510		18.6228		0
	511		18.6306		0
	512		18.6384		0
	513		18.6462		0
	514		18.654		0
	515		18.6617		0
	516		18.6694		0
	517		18.677		0
	518		18.6846		0
	519		18.6922		0
	520		18.6997		0
	521		18.7072		0
	522		18.7146		0
	523		18.722		0
	524		18.7294		0
	525		18.7367		0
	526		18.744		0
	527		18.7513		0
	528		18.7585		0
	529		18.7657		0
	530		18.7728		0
	531		18.78		0
	532		18.787		0
	533		18.7941		0
	534		18.8011		0
	535		18.8081		0
	536		18.815		0
	537		18.8219		0
	538		18.8288		0
	539		18.8356		0
	540		18.8424		0
	541		18.8492		0
	542		18.856		0
	543		18.8627		0
	544		18.8693		0
	545		18.876		0
	546		18.8826		0
	547		18.8891		0
	548		18.8957		0
	549		18.9022		0
	550		18.9087		0
	551		18.9151		0
	552		18.9215		0
	553		18.9279		0
	554		18.9342		0
	555		18.9405		0
	556		18.9468		0
	557		18.9531		0
	558		18.9593		0
	559		18.9655		0
	560		18.9716		0
	561		18.9778		0
	562		18.9839		0
	563		18.9899		0
	564		18.996		0
	565		19.002		0
	566		19.0079		0
	567		19.0139		0
	568		19.0198		0
	569		19.0257		0
	570		19.0315		0
	571		19.0374		0
	572		19.0432		0
	573		19.0489		0
	574		19.0547		0
	575		19.0604		0
	576		19.0661		0
	577		19.0717		0
	578		19.0774		0
	579		19.083		0
	580		19.0885		0
	581		19.0941		0
	582		19.0996		0
	583		19.1051		0
	584		19.1105		0
	585		19.116		0
	586		19.1214		0
	587		19.1268		0
	588		19.1321		0
	589		19.1374		0
	590		19.1427		0
	591		19.148		0
	592		19.1533		0
	593		19.1585		0
	594		19.1637		0
	595		19.1688		0
	596		19.174		0
	597		19.1791		0
	598		19.1842		0
	599		19.1893		0
	600		19.1943		0
	601		19.1993		0
	602		19.2043		0
	603		19.2093		0
	604		19.2142		0
	605		19.2191		0
	606		19.224		0
	607		19.2289		0
	608		19.2337		0
	609		19.2386		0
	610		19.2433		0
	611		19.2481		0
	612		19.2529		0
	613		19.2576		0
	614		19.2623		0
	615		19.267		0
	616		19.2716		0
	617		19.2763		0
	618		19.2809		0
	619		19.2854		0
	620		19.29		0
	621		19.2945		0
	622		19.2991		0
	623		19.3036		0
	624		19.308		0
	625		19.3125		0
	626		19.3169		0
	627		19.3213		0
	628		19.3257		0
	629		19.33		0
	630		19.3344		0
	631		19.3387		0
	632		19.343		0
	633		19.3473		0
	634		19.3515		0
	635		19.3558		0
	636		19.36		0
	637		19.3642		0
	638		19.3683		0
	639		19.3725		0
	640		19.3766		0
	641		19.3807		0
	642		19.3848		0
	643		19.3889		0
	644		19.3929		0
	645		19.3969		0
	646		19.4009		0
	647		19.4049		0
	648		19.4089		0
	649		19.4128		0
	650		19.4168		0
	651		19.4207		0
	652		19.4246		0
	653		19.4284		0
	654		19.4323		0
	655		19.4361		0
	656		19.4399		0
	657		19.4437		0
	658		19.4475		0
	659		19.4512		0
	660		19.455		0
	661		19.4587		0
	662		19.4624		0
	663		19.4661		0
	664		19.4697		0
	665		19.4734		0
	666		19.477		0
	667		19.4806		0
	668		19.4842		0
	669		19.4877		0
	670		19.4913		0
	671		19.4948		0
	672		19.4983		0
	673		19.5018		0
	674		19.5053		0
	675		19.5088		0
	676		19.5122		0
	677		19.5157		0
	678		19.5191		0
	679		19.5225		0
	680		19.5259		0
	681		19.5292		0
	682		19.5326		0
	683		19.5359		0
	684		19.5392		0
	685		19.5425		0
	686		19.5458		0
	687		19.549		0
	688		19.5523		0
	689		19.5555		0
	690		19.5587		0
	691		19.5619		0
	692		19.5651		0
	693		19.5683		0
	694		19.5714		0
	695		19.5746		0
	696		19.5777		0
	697		19.5808		0
	698		19.5839		0
	699		19.587		0
	700		19.59		0
	701		19.5931		0
	702		19.5961		0
	703		19.5991		0
	704		19.6021		0
	705		19.6051		0
	706		19.608		0
	707		19.611		0
	708		19.6139		0
	709		19.6169		0
	710		19.6198		0
	711		19.6227		0
	712		19.6255		0
	713		19.6284		0
	714		19.6313		0
	715		19.6341		0
	716		19.6369		0
	717		19.6397		0
	718		19.6425		0
	719		19.6453		0
	720		19.6481		0
	721		19.6508		0
	722		19.6536		0
	723		19.6563		0
	724		19.659		0
	725		19.6617		0
	726		19.6644		0
	727		19.667		0
	728		19.6697		0
	729		19.6723		0
	730		19.675		0
	731		19.6776		0
	732		19.6802		0
	733		19.6828		0
	734		19.6854		0
	735		19.6879		0
	736		19.6905		0
	737		19.693		0
	738		19.6956		0
	739		19.6981		0
	740		19.7006		0
	741		19.7031		0
	742		19.7056		0
	743		19.708		0
	744		19.7105		0
	745		19.7129		0
	746		19.7153		0
	747		19.7178		0
	748		19.7202		0
	749		19.7226		0
	750		19.7249		0
	751		19.7273		0
	752		19.7297		0
	753		19.732		0
	754		19.7343		0
	755		19.7367		0
	756		19.739		0
	757		19.7413		0
	758		19.7436		0
	759		19.7458		0
	760		19.7481		0
	761		19.7504		0
	762		19.7526		0
	763		19.7548		0
	764		19.7571		0
	765		19.7593		0
	766		19.7615		0
	767		19.7637		0
	768		19.7658		0
	769		19.768		0
	770		19.7701		0
	771		19.7723		0
	772		19.7744		0
	773		19.7765		0
	774		19.7787		0
	775		19.7808		0
	776		19.7829		0
	777		19.7849		0
	778		19.787		0
	779		19.7891		0
	780		19.7911		0
	781		19.7932		0
	782		19.7952		0
	783		19.7972		0
	784		19.7992		0
	785		19.8012		0
	786		19.8032		0
	787		19.8052		0
	788		19.8071		0
	789		19.8091		0
	790		19.8111		0
	791		19.813		0
	792		19.8149		0
	793		19.8168		0
	794		19.8188		0
	795		19.8207		0
	796		19.8226		0
	797		19.8244		0
	798		19.8263		0
	799		19.8282		0
	800		19.83		0
	801		19.8319		0
	802		19.8337		0
	803		19.8355		0
	804		19.8374		0
	805		19.8392		0
	806		19.841		0
	807		19.8427		0
	808		19.8445		0
	809		19.8463		0
	810		19.8481		0
	811		19.8498		0
	812		19.8516		0
	813		19.8533		0
	814		19.855		0
	815		19.8568		0
	816		19.8585		0
	817		19.8602		0
	818		19.8619		0
	819		19.8636		0
	820		19.8652		0
	821		19.8669		0
	822		19.8686		0
	823		19.8702		0
	824		19.8719		0
	825		19.8735		0
	826		19.8751		0
	827		19.8767		0
	828		19.8784		0
	829		19.88		0
	830		19.8816		0
	831		19.8831		0
	832		19.8847		0
	833		19.8863		0
	834		19.8879		0
	835		19.8894		0
	836		19.891		0
	837		19.8925		0
	838		19.894		0
	839		19.8956		0
	840		19.8971		0
	841		19.8986		0
	842		19.9001		0
	843		19.9016		0
	844		19.9031		0
	845		19.9046		0
	846		19.906		0
	847		19.9075		0
	848		19.909		0
	849		19.9104		0
	850		19.9119		0
	851		19.9133		0
	852		19.9147		0
	853		19.9162		0
	854		19.9176		0
	855		19.919		0
	856		19.9204		0
	857		19.9218		0
	858		19.9232		0
	859		19.9245		0
	860		19.9259		0
	861		19.9273		0
	862		19.9286		0
	863		19.93		0
	864		19.9313		0
	865		19.9327		0
	866		19.934		0
	867		19.9353		0
	868		19.9367		0
	869		19.938		0
	870		19.9393		0
	871		19.9406		0
	872		19.9419		0
	873		19.9432		0
	874		19.9444		0
	875		19.9457		0
	876		19.947		0
	877		19.9482		0
	878		19.9495		0
	879		19.9508		0
	880		19.952		0
	881		19.9532		0
	882		19.9545		0
	883		19.9557		0
	884		19.9569		0
	885		19.9581		0
	886		19.9593		0
	887		19.9605		0
	888		19.9617		0
	889		19.9629		0
	890		19.9641		0
	891		19.9653		0
	892		19.9664		0
	893		19.9676		0
	894		19.9688		0
	895		19.9699		0
	896		19.9711		0
	897		19.9722		0
	898		19.9733		0
	899		19.9745		0
	900		19.9756		0
	901		19.9767		0
	902		19.9778		0
	903		19.9789		0
	904		19.98		0
	905		19.9811		0
	906		19.9822		0
	907		19.9833		0
	908		19.9844		0
	909		19.9855		0
	910		19.9865		0
	911		19.9876		0
	912		19.9887		0
	913		19.9897		0
	914		19.9908		0
	915		19.9918		0
	916		19.9929		0
	917		19.9939		0
	918		19.9949		0
	919		19.9959		0
	920		19.997		0
	921		19.998		0
	922		19.999		0
	923		20		0
	924		20.001		0
	925		0		0
Spike1 at t =925
	926		0.100748		0
	927		0.200993		0
	928		0.300739		0
	929		0.399987		0
	930		0.49874		0
	931		0.597		0
	932		0.694771		0
	933		0.792053		0
	934		0.888851		0
	935		0.985166		0
	936		1.081		0
	937		1.17636		0
	938		1.27124		0
	939		1.36564		0
	940		1.45958		0.1
	941		1.55305		0.0995012
	942		1.64605		0.099005
	943		1.73859		0.0985112
	944		1.83067		0.0980199
	945		1.92228		0.097531
	946		2.01344		0.0970446
	947		2.10415		0.0965605
	948		2.1944		0.0960789
	949		2.28421		0.0955997
	950		2.37356		0.0951229
	951		2.46247		0.0946485
	952		2.55094		0.0941765
	953		2.63896		0.0937067
	954		2.72655		0.0932394
	955		2.8137		0.0927743
	956		2.90041		0.0923116
	957		2.9867		0.0918512
	958		3.07255		0.0913931
	959		3.15797		0.0909373
	960		3.24297		0.0904837
	961		3.32754		0.0900325
	962		3.41169		0.0895834
	963		3.49543		0.0891366
	964		3.57874		0.088692
	965		3.66164		0.0882497
	966		3.74412		0.0878095
	967		3.8262		0.0873716
	968		3.90786		0.0869358
	969		3.98912		0.0865022
	970		4.06997		0.0860708
	971		4.15042		0.0856415
	972		4.23047		0.0852144
	973		4.31012		0.0847894
	974		4.38937		0.0843665
	975		4.46822		0.0839457
	976		4.54669		0.083527
	977		4.62476		0.0831104
	978		4.70244		0.0826959
	979		4.77973		0.0822835
	980		4.85664		0.0818731
	981		4.93317		0.0814647
	982		5.00931		0.0810584
	983		5.08508		0.0806541
	984		5.16046		0.0802519
	985		5.23547		0.0798516
	986		5.31011		0.0794534
	987		5.38437		0.0790571
	988		5.45826		0.0786628
	989		5.53179		0.0782705
	990		5.60495		0.0778801
	991		5.67774		0.0774916
	992		5.75017		0.0771052
	993		5.82224		0.0767206
	994		5.89395		0.0763379
	995		5.9653		0.0759572
	996		6.0363		0.0755784
	997		6.10694		0.0752014
	998		6.17723		0.0748264
	999		6.24717		0.0744532
	1000		6.21601		0.0740818
	1001		6.18501		0.0737123
	1002		6.15416		0.0733447
	1003		6.12346		0.0729789
	1004		6.09292		0.0726149
	1005		6.06253		0.0722527
	1006		6.0323		0.0718924
	1007		6.00221		0.0715338
	1008		5.97228		0.071177
	1009		5.94249		0.070822
	1010		5.91285		0.0704688
	1011		5.88336		0.0701173
	1012		5.85402		0.0697676
	1013		5.82482		0.0694197
	1014		5.79577		0.0690734
	1015		5.76686		0.0687289
	1016		5.7381		0.0683861
	1017		5.70948		0.0680451
	1018		5.681		0.0677057
	1019		5.65267		0.067368
	1020		5.62448		0.067032
	1021		5.59643		0.0666977
	1022		5.56851		0.066365
	1023		5.54074		0.066034
	1024		5.51311		0.0657047
	1025		5.48561		0.065377
	1026		5.45825		0.0650509
	1027		5.43103		0.0647265
	1028		5.40394		0.0644036
	1029		5.37699		0.0640824
	1030		5.35017		0.0637628
	1031		5.32348		0.0634448
	1032		5.29693		0.0631284
	1033		5.27051		0.0628135
	1034		5.24423		0.0625002
	1035		5.21807		0.0621885
	1036		5.19205		0.0618783
	1037		5.16615		0.0615697
	1038		5.14039		0.0612626
	1039		5.11475		0.0609571
	1040		5.08924		0.0606531
	1041		5.06385		0.0603506
	1042		5.0386		0.0600496
	1043		5.01347		0.0597501
	1044		4.98846		0.0594521
	1045		4.96358		0.0591555
	1046		4.93883		0.0588605
	1047		4.9142		0.0585669
	1048		4.88969		0.0582748
	1049		4.8653		0.0579842
	1050		4.84103		0.057695
	1051		4.81689		0.0574072
	1052		4.79286		0.0571209
	1053		4.76896		0.056836
	1054		4.74517		0.0565525
	1055		4.72151		0.0562705
	1056		4.69796		0.0559898
	1057		4.67453		0.0557106
	1058		4.65121		0.0554327
	1059		4.62801		0.0551563
	1060		4.60493		0.0548812
	1061		4.58197		0.0546074
	1062		4.55911		0.0543351
	1063		4.53637		0.0540641
	1064		4.51375		0.0537944
	1065		4.49124		0.0535261
	1066		4.46884		0.0532592
	1067		4.44655		0.0529935
	1068		4.42437		0.0527292
	1069		4.4023		0.0524663
	1070		4.38035		0.0522046
	1071		4.3585		0.0519442
	1072		4.33676		0.0516851
	1073		4.31513		0.0514274
	1074		4.29361		0.0511709
	1075		4.2722		0.0509156
	1076		4.25089		0.0506617
	1077		4.22969		0.050409
	1078		4.20859		0.0501576
	1079		4.1876		0.0499074
	1080		4.16672		0.0496585
	1081		4.14593		0.0494109
	1082		4.12526		0.0491644
	1083		4.10468		0.0489192
	1084		4.08421		0.0486752
	1085		4.06384		0.0484325
	1086		4.04357		0.0481909
	1087		4.0234		0.0479505
	1088		4.00334		0.0477114
	1089		3.98337		0.0474734
	1090		3.9635		0.0472367
	1091		3.94373		0.0470011
	1092		3.92406		0.0467666
	1093		3.90449		0.0465334
	1094		3.88502		0.0463013
	1095		3.86564		0.0460704
	1096		3.84636		0.0458406
	1097		3.82718		0.045612
	1098		3.80809		0.0453845
	1099		3.7891		0.0451581
	1100		3.7702		0.0449329
	1101		3.7514		0.0447088
	1102		3.73269		0.0444858
	1103		3.71407		0.0442639
	1104		3.69554		0.0440432
	1105		3.67711		0.0438235
	1106		3.65877		0.0436049
	1107		3.64053		0.0433874
	1108		3.62237		0.0431711
	1109		3.6043		0.0429557
	1110		3.58633		0.0427415
	1111		3.56844		0.0425283
	1112		3.55064		0.0423162
	1113		3.53293		0.0421052
	1114		3.51531		0.0418952
	1115		3.49778		0.0416862
	1116		3.48033		0.0414783
	1117		3.46297		0.0412714
	1118		3.4457		0.0410656
	1119		3.42852		0.0408608
	1120		3.41142		0.040657
	1121		3.3944		0.0404542
	1122		3.37747		0.0402524
	1123		3.36063		0.0400517
	1124		3.34387		0.0398519
	1125		3.32719		0.0396531
	1126		3.3106		0.0394554
	1127		3.29408		0.0392586
	1128		3.27765		0.0390628
	1129		3.26131		0.038868
	1130		3.24504		0.0386741
	1131		3.22886		0.0384812
	1132		3.21275		0.0382893
	1133		3.19673		0.0380983
	1134		3.18078		0.0379083
	1135		3.16492		0.0377192
	1136		3.14914		0.0375311
	1137		3.13343		0.0373439
	1138		3.1178		0.0371577
	1139		3.10225		0.0369723
	1140		3.08678		0.0367879
	1141		3.07138		0.0366045
	1142		3.05606		0.0364219
	1143		3.04082		0.0362402
	1144		3.02566		0.0360595
	1145		3.01057		0.0358796
	1146		2.99555		0.0357007
	1147		2.98061		0.0355226
	1148		2.96574		0.0353455
	1149		2.95095		0.0351692
	1150		2.93623		0.0349938
	1151		2.92159		0.0348192
	1152		2.90702		0.0346456
	1153		2.89252		0.0344728
	1154		2.87809		0.0343009
	1155		2.86374		0.0341298
	1156		2.84946		0.0339596
	1157		2.83524		0.0337902
	1158		2.8211		0.0336216
	1159		2.80703		0.033454
	1160		2.79303		0.0332871
	1161		2.7791		0.0331211
	1162		2.76524		0.0329559
	1163		2.75145		0.0327915
	1164		2.73773		0.032628
	1165		2.72407		0.0324652
	1166		2.71049		0.0323033
	1167		2.69697		0.0321422
	1168		2.68352		0.0319819
	1169		2.67013		0.0318224
	1170		2.65681		0.0316637
	1171		2.64356		0.0315058
	1172		2.63038		0.0313486
	1173		2.61726		0.0311923
	1174		2.60421		0.0310367
	1175		2.59122		0.0308819
	1176		2.57829		0.0307279
	1177		2.56543		0.0305746
	1178		2.55264		0.0304221
	1179		2.53991		0.0302704
	1180		2.52724		0.0301194
	1181		2.51464		0.0299692
	1182		2.50209		0.0298197
	1183		2.48961		0.029671
	1184		2.4772		0.029523
	1185		2.46484		0.0293758
	1186		2.45255		0.0292293
	1187		2.44032		0.0290835
	1188		2.42815		0.0289384
	1189		2.41604		0.0287941
	1190		2.40399		0.0286505
	1191		2.392		0.0285076
	1192		2.38007		0.0283654
	1193		2.36819		0.0282239
	1194		2.35638		0.0280832
	1195		2.34463		0.0279431
	1196		2.33294		0.0278037
	1197		2.3213		0.0276651
	1198		2.30972		0.0275271
	1199		2.2982		0.0273898
	1200		2.28674		0.0272532
	1201		2.27534		0.0271173
	1202		2.26399		0.026982
	1203		2.2527		0.0268474
	1204		2.24146		0.0267135
	1205		2.23028		0.0265803
	1206		2.21916		0.0264477
	1207		2.20809		0.0263158
	1208		2.19708		0.0261846
	1209		2.18612		0.026054
	1210		2.17522		0.025924
	1211		2.16437		0.0257947
	1212		2.15357		0.0256661
	1213		2.14283		0.0255381
	1214		2.13214		0.0254107
	1215		2.12151		0.025284
	1216		2.11093		0.0251579
	1217		2.1004		0.0250324
	1218		2.08992		0.0249075
	1219		2.0795		0.0247833
	1220		2.06913		0.0246597
	1221		2.05881		0.0245367
	1222		2.04854		0.0244143
	1223		2.03832		0.0242926
	1224		2.02816		0.0241714
	1225		2.01804		0.0240508
	1226		2.00798		0.0239309
	1227		1.99796		0.0238115
	1228		1.988		0.0236928
	1229		1.97808		0.0235746
	1230		1.96822		0.023457
	1231		1.9584		0.02334
	1232		1.94863		0.0232236
	1233		1.93891		0.0231078
	1234		1.92924		0.0229925
	1235		1.91962		0.0228779
	1236		1.91005		0.0227638
	1237		1.90052		0.0226502
	1238		1.89104		0.0225373
	1239		1.88161		0.0224249
	1240		1.87223		0.022313
	1241		1.86289		0.0222017
	1242		1.8536		0.022091
	1243		1.84435		0.0219808
	1244		1.83515		0.0218712
	1245		1.826		0.0217621
	1246		1.81689		0.0216536
	1247		1.80783		0.0215456
	1248		1.79881		0.0214381
	1249		1.78984		0.0213312
	1250		1.78092		0.0212248
	1251		1.77203		0.0211189
	1252		1.7632		0.0210136
	1253		1.7544		0.0209088
	1254		1.74565		0.0208045
	1255		1.73695		0.0207008
	1256		1.72828		0.0205975
	1257		1.71966		0.0204948
	1258		1.71109		0.0203926
	1259		1.70255		0.0202909
	1260		1.69406		0.0201897
	1261		1.68561		0.020089
	1262		1.6772		0.0199888
	1263		1.66884		0.0198891
	1264		1.66052		0.0197899
	1265		1.65223		0.0196912
	1266		1.64399		0.019593
	1267		1.63579		0.0194952
	1268		1.62763		0.019398
	1269		1.61952		0.0193013
	1270		1.61144		0.019205
	1271		1.6034		0.0191092
	1272		1.59541		0.0190139
	1273		1.58745		0.0189191
	1274		1.57953		0.0188247
	1275		1.57165		0.0187308
	1276		1.56381		0.0186374
	1277		1.55601		0.0185444
	1278		1.54825		0.018452
	1279		1.54053		0.0183599
	1280		1.53285		0.0182684
	1281		1.5252		0.0181772
	1282		1.5176		0.0180866
	1283		1.51003		0.0179964
	1284		1.5025		0.0179066
	1285		1.495		0.0178173
	1286		1.48755		0.0177284
	1287		1.48013		0.01764
	1288		1.47274		0.017552
	1289		1.4654		0.0174645
	1290		1.45809		0.0173774
	1291		1.45082		0.0172907
	1292		1.44358		0.0172045
	1293		1.43638		0.0171187
	1294		1.42922		0.0170333
	1295		1.42209		0.0169483
	1296		1.415		0.0168638
	1297		1.40794		0.0167797
	1298		1.40092		0.016696
	1299		1.39393		0.0166127
	1300		1.38698		0.0165299
	1301		1.38006		0.0164474
	1302		1.37318		0.0163654
	1303		1.36633		0.0162838
	1304		1.35951		0.0162026
	1305		1.35273		0.0161218
	1306		1.34599		0.0160414
	1307		1.33927		0.0159614
	1308		1.33259		0.0158817
	1309		1.32595		0.0158025
	1310		1.31934		0.0157237
	1311		1.31276		0.0156453
	1312		1.30621		0.0155673
	1313		1.29969		0.0154896
	1314		1.29321		0.0154124
	1315		1.28676		0.0153355
	1316		1.28034		0.015259
	1317		1.27396		0.0151829
	1318		1.2676		0.0151072
	1319		1.26128		0.0150318
	1320		1.25499		0.0149569
	1321		1.24873		0.0148823
	1322		1.2425		0.014808
	1323		1.23631		0.0147342
	1324		1.23014		0.0146607
	1325		1.224		0.0145876
	1326		1.2179		0.0145148
	1327		1.21183		0.0144424
	1328		1.20578		0.0143704
	1329		1.19977		0.0142987
	1330		1.19378		0.0142274
	1331		1.18783		0.0141564
	1332		1.18191		0.0140858
	1333		1.17601		0.0140156
	1334		1.17015		0.0139457
	1335		1.16431		0.0138761
	1336		1.1585		0.0138069
	1337		1.15272		0.0137381
	1338		1.14697		0.0136695
	1339		1.14125		0.0136014
	1340		1.13556		0.0135335
	1341		1.1299		0.013466
	1342		1.12426		0.0133989
	1343		1.11866		0.013332
	1344		1.11308		0.0132655
	1345		1.10753		0.0131994
	1346		1.102		0.0131336
	1347		1.09651		0.013068
	1348		1.09104		0.0130029
	1349		1.08559		0.012938
	1350		1.08018		0.0128735
	1351		1.07479		0.0128093
	1352		1.06943		0.0127454
	1353		1.0641		0.0126818
	1354		1.05879		0.0126186
	1355		1.05351		0.0125556
	1356		1.04826		0.012493
	1357		1.04303		0.0124307
	1358		1.03783		0.0123687
	1359		1.03265		0.012307
	1360		1.0275		0.0122456
	1361		1.02237		0.0121846
	1362		1.01728		0.0121238
	1363		1.0122		0.0120633
	1364		1.00715		0.0120032
	1365		1.00213		0.0119433
	1366		0.997132		0.0118837
	1367		0.992159		0.0118245
	1368		0.98721		0.0117655
	1369		0.982287		0.0117068
	1370		0.977388		0.0116484
	1371		0.972513		0.0115903
	1372		0.967662		0.0115325
	1373		0.962836		0.011475
	1374		0.958034		0.0114178
	1375		0.953256		0.0113608
	1376		0.948501		0.0113042
	1377		0.943771		0.0112478
	1378		0.939064		0.0111917
	1379		0.93438		0.0111359
	1380		0.92972		0.0110803
	1381		0.925083		0.0110251
	1382		0.920469		0.0109701
	1383		0.915878		0.0109154
	1384		0.91131		0.0108609
	1385		0.906765		0.0108067
	1386		0.902242		0.0107528
	1387		0.897743		0.0106992
	1388		0.893265		0.0106459
	1389		0.88881		0.0105928
	1390		0.884377		0.0105399
	1391		0.879966		0.0104874
	1392		0.875577		0.010435
	1393		0.87121		0.010383
	1394		0.866865		0.0103312
	1395		0.862542		0.0102797
	1396		0.85824		0.0102284
	1397		0.853959		0.0101774
	1398		0.8497		0.0101266
	1399		0.845462		0.0100761
	1400		0.841245		0.0100259
	1401		0.83705		0.00997588
	1402		0.832875		0.00992613
	1403		0.828721		0.00987662
	1404		0.824588		0.00982736
	1405		0.820475		0.00977834
	1406		0.816383		0.00972957
	1407		0.812311		0.00968105
	1408		0.80826		0.00963276
	1409		0.804228		0.00958472
	1410		0.800217		0.00953692
	1411		0.796226		0.00948935
	1412		0.792255		0.00944202
	1413		0.788304		0.00939493
	1414		0.784372		0.00934807
	1415		0.78046		0.00930145
	1416		0.776567		0.00925506
	1417		0.772694		0.0092089
	1418		0.76884		0.00916297
	1419		0.765006		0.00911727
	1420		0.76119		0.0090718
	1421		0.757394		0.00902655
	1422		0.753616		0.00898153
	1423		0.749858		0.00893673
	1424		0.746118		0.00889216
	1425		0.742396		0.00884781
	1426		0.738694		0.00880368
	1427		0.735009		0.00875977
	1428		0.731344		0.00871609
	1429		0.727696		0.00867261
	1430		0.724067		0.00862936
	1431		0.720455		0.00858632
	1432		0.716862		0.0085435
	1433		0.713287		0.00850088
	1434		0.709729		0.00845849
	1435		0.706189		0.0084163
	1436		0.702667		0.00837432
	1437		0.699163		0.00833256
	1438		0.695675		0.008291
	1439		0.692206		0.00824965
	1440		0.688753		0.0082085
	1441		0.685318		0.00816756
	1442		0.6819		0.00812682
	1443		0.678499		0.00808629
	1444		0.675115		0.00804596
	1445		0.671748		0.00800583
	1446		0.668398		0.0079659
	1447		0.665064		0.00792617
	1448		0.661747		0.00788664
	1449		0.658447		0.00784731
	1450		0.655162		0.00780817
	1451		0.651895		0.00776922
	1452		0.648644		0.00773047
	1453		0.645408		0.00769192
	1454		0.642189		0.00765355
	1455		0.638986		0.00761538
	1456		0.6358		0.0075774
	1457		0.632628		0.00753961
	1458		0.629473		0.007502
	1459		0.626334		0.00746459
	1460		0.62321		0.00742736
	1461		0.620102		0.00739031
	1462		0.617009		0.00735345
	1463		0.613931		0.00731678
	1464		0.610869		0.00728029
	1465		0.607823		0.00724398
	1466		0.604791		0.00720785
	1467		0.601775		0.0071719
	1468		0.598773		0.00713613
	1469		0.595787		0.00710054
	1470		0.592816		0.00706512
	1471		0.589859		0.00702988
	1472		0.586917		0.00699482
	1473		0.58399		0.00695994
	1474		0.581077		0.00692522
	1475		0.578179		0.00689068
	1476		0.575295		0.00685632
	1477		0.572426		0.00682212
	1478		0.569571		0.00678809
	1479		0.56673		0.00675424
	1480		0.563904		0.00672055
	1481		0.561091		0.00668703
	1482		0.558293		0.00665368
	1483		0.555508		0.0066205
	1484		0.552738		0.00658748
	1485		0.549981		0.00655462
	1486		0.547238		0.00652193
	1487		0.544508		0.0064894
	1488		0.541793		0.00645703
	1489		0.53909		0.00642483
	1490		0.536402		0.00639279
	1491		0.533726		0.0063609
	1492		0.531064		0.00632918
	1493		0.528416		0.00629761
	1494		0.52578		0.0062662
	1495		0.523158		0.00623495
	1496		0.520549		0.00620385
	1497		0.517952		0.00617291
	1498		0.515369		0.00614212
	1499		0.512799		0.00611149

Number of spikes N2 : 0
